1
1
1
1
1
1
1
1
1
1
1
1
1
1
1
1
1
1
1
1
1
1
1
1
1
1
1
1
1
1
1
1
1
1
1
1
1
1
1
1
1
1
1
1
1
1
1
1
1
1
1
1
1
1
1
1
1
1
1
1
1
1
1
1
1
1
1
1
1
1
1
1
1
1
1
1
1
1
1
1
1
1
1
1
1
1
1
1
1
1
1
1
1
1
1
1
1
1
1
1
1
1
1
1
1
1
1
1
1
1
1
1
1
1
1
1
1
0.995
0.985
0.97
0.95
0.945
0.93
0.905
0.875
0.865
0.845
0.815
0.815
0.8
0.645
0.61
0.57
0.5
0.455
0.395
0.35
0.305
0.26
0.2
0.1
0.07
0.05
0.045
0.03
0.015
0
0
0
0
0
0
0
0
0
0
0
0
0
0
0
0.025
0.05
0.065
0.11
0.14
0.165
0.185
0.21
0.275
0.295
0.295
0.34
0.355
0.39
0.44
0.475
0.49
0.495
0.5
0.5
0.51
0.53
0.54
0.575
0.65
0.665
0.67
0.67
0.67
0.7
0.71
0.73
0.75
0.77
0.795
0.8
0.81
0.815
0.84
0.855
0.855
0.865
0.89
0.895
0.905
0.91
0.91
0.93
0.94
0.94
0.95
0.97
0.98
0.985
0.985
1
1
1
1
1
1
1
1
1
1
1
1
1
1
1
1
1
1
1
1
1
1
1
1
1
1
1
1
1
1
1
1
1
1
1
1
1
1
1
1
1
1
1
1
1
1
1
1
1
1
1
1
1
1
1
1
1
1
1
1
1
1
1
1
1
1
1
1
1
1
1
1
1
1
1
1
1
1
1
1
1
1
