1
1
1
1
1
1
1
1
1
1
1
1
1
1
1
1
1
1
1
1
1
1
1
1
1
1
1
1
1
1
1
1
1
1
1
1
1
1
1
1
1
1
1
1
1
1
1
1
1
1
1
1
1
1
1
1
1
1
1
1
1
1
1
1
1
1
1
1
1
1
1
1
1
1
1
1
1
1
1
1
1
1
1
1
1
1
1
1
1
1
1
1
1
1
1
1
1
1
1
1
1
1
1
1
1
1
1
1
1
1
1
1
1
1
1
1
1
1
1
1
1
1
1
1
1
1
1
1
1
1
1
1
1
0.995
0.985
0.975
0.965
0.965
0.955
0.955
0.945
0.945
0.94
0.935
0.93
0.92
0.92
0.92
0.915
0.91
0.91
0.905
0.905
0.905
0.9
0.9
0.89
0.885
0.88
0.875
0.875
0.87
0.865
0.865
0.865
0.855
0.85
0.85
0.85
0.85
0.84
0.84
0.84
0.84
0.835
0.835
0.83
0.83
0.83
0.83
0.815
0.815
0.805
0.8
0.8
0.8
0.8
0.8
0.795
0.79
0.79
0.79
0.785
0.785
0.785
0.775
0.77
0.765
0.755
0.75
0.745
0.74
0.73
0.72
0.715
0.7
0.7
0.7
0.7
0.695
0.68
0.675
0.665
0.66
0.65
0.65
0.62
0.61
0.6
0.59
0.575
0.54
0.525
0.505
0.5
0.485
0.47
0.455
0.45
0.445
0.44
0.405
0.4
0.38
0.375
0.35
0.35
0.335
0.33
0.33
0.31
0.3
0.3
0.295
0.285
0.27
0.27
0.26
0.25
0.25
0.24
0.235
0.21
0.205
0.2
0.2
0.195
0.19
0.19
0.19
0.185
0.18
0.18
0.18
0.175
0.175
0.17
0.17
0.165
0.165
0.165
0.16
0.16
0.155
0.15
0.15
0.15
0.15
0.15
0.15
0.15
0.15
0.15
0.15
0.155
0.155
0.16
0.16
0.165
0.17
0.175
0.175
0.185
0.185
0.185
0.195
0.2
0.2
0.205
0.21
0.22
0.23
0.24
0.245
0.25
0.275
0.285
0.295
0.3
0.315
0.325
0.34
0.345
0.35
0.355
0.365
0.37
0.37
0.375
0.38
0.385
0.4
0.41
0.425
0.445
0.455
0.475
0.485
0.49
0.49
0.49
0.49
0.49
0.49
0.49
0.5
0.5
0.5
0.5
0.51
0.525
0.545
0.55
0.555
0.56
0.575
0.59
0.59
0.6
0.6
0.605
0.615
0.62
0.625
0.63
0.64
0.64
0.65
0.65
0.655
0.655
0.655
0.655
0.65
0.65
0.65
0.635
0.625
0.61
0.6
0.595
0.57
0.55
0.535
0.53
0.53
0.52
0.52
0.515
0.515
0.505
0.505
0.505
0.505
0.505
0.505
0.505
0.505
0.505
0.505
0.505
0.505
0.505
0.505
0.505
0.505
0.505
0.505
0.505
0.505
0.505
0.505
0.505
0.505
0.505
0.505
0.505
0.505
0.505
0.505
0.505
0.505
0.505
0.505
0.505
0.505
0.5
0.5
0.5
0.5
0.5
0.5
0.5
0.5
0.5
0.5
0.5
0.5
0.5
0.5
0.5
0.5
0.5
0.5
0.5
0.505
0.51
0.52
0.52
0.525
0.53
0.53
0.53
0.53
0.53
0.53
0.53
0.53
0.53
0.53
0.53
0.53
0.53
0.525
0.525
0.525
0.525
0.525
0.525
0.525
0.525
0.525
0.525
0.525
0.525
0.525
0.525
0.525
0.525
0.525
0.515
0.515
0.515
0.515
0.515
0.515
0.515
0.51
0.505
0.505
0.5
0.495
0.49
0.49
0.48
0.475
0.47
0.47
0.465
0.465
0.46
0.455
0.45
0.445
0.435
0.425
0.41
0.395
0.39
0.39
0.385
0.385
0.38
0.375
0.37
0.37
0.365
0.36
0.355
0.35
0.34
0.34
0.335
0.335
0.325
0.3
0.275
0.265
0.255
0.255
0.25
0.235
0.235
0.22
0.205
0.19
0.17
0.165
0.16
0.155
0.15
0.15
0.135
0.13
0.125
0.125
0.115
0.115
0.11
0.11
0.11
0.11
0.115
0.12
0.14
0.15
0.225
0.265
0.295
0.325
0.375
0.385
0.4
0.435
0.485
0.5
0.5
0.5
0.505
0.515
0.53
0.585
0.6
0.61
0.615
0.62
0.62
0.62
0.62
0.62
0.62
0.62
0.625
0.63
0.635
0.64
0.64
0.64
0.64
0.645
0.65
0.65
0.66
0.68
0.695
0.72
0.735
0.745
0.76
0.77
0.795
0.8
0.805
0.805
0.805
0.805
0.805
0.81
0.81
0.815
0.815
0.815
0.82
0.82
0.825
0.83
0.83
0.83
0.83
0.83
0.83
0.83
0.83
0.83
0.835
0.84
0.845
0.85
0.865
0.875
0.89
0.895
0.9
0.91
0.91
0.92
0.92
0.92
0.92
0.92
0.92
0.92
0.915
0.91
0.905
0.895
0.885
0.88
0.875
0.865
0.85
0.845
0.845
0.835
0.8
0.745
0.7
0.66
0.63
0.61
0.59
0.58
0.57
0.555
0.55
0.53
0.52
0.5
0.465
0.435
0.435
0.35
0.29
0.255
0.205
0.2
0.195
0.185
0.175
0.15
0.15
0.14
0.135
0.13
0.105
0.095
0.095
0.09
0.09
0.085
0.07
0.055
0.05
0.05
0.045
0.03
0.02
0.02
0.02
0.02
0.02
0.02
0.025
0.04
0.06
0.135
0.15
0.155
0.18
0.19
0.19
0.2
0.2
0.205
0.22
0.25
0.265
0.28
0.295
0.305
0.335
0.345
0.35
0.35
0.35
0.35
0.34
0.34
0.34
0.34
0.34
0.34
0.34
0.34
0.34
0.34
0.34
0.34
0.36
0.375
0.4
0.43
0.44
0.48
0.5
0.54
0.54
0.55
0.555
0.56
0.57
0.6
0.61
0.615
0.62
0.62
0.6
0.6
0.595
0.59
0.585
0.585
0.585
0.585
0.585
0.6
0.605
0.615
0.64
0.65
0.67
0.695
0.705
0.71
0.72
0.75
0.75
0.755
0.76
0.77
0.77
0.795
0.8
0.81
0.825
0.825
0.825
0.825
0.825
0.825
0.825
0.825
0.81
0.805
0.8
0.78
0.77
0.76
0.75
0.71
0.71
0.675
0.67
0.66
0.65
0.65
0.635
0.62
0.615
0.6
0.58
0.57
0.57
0.56
0.55
0.55
0.54
0.54
0.53
0.525
0.525
0.5
0.465
0.455
0.42
0.41
0.41
0.4
0.395
0.38
0.36
0.34
0.32
0.3
0.28
0.26
0.255
0.25
0.25
0.235
0.205
0.2
0.195
0.185
0.18
0.175
0.155
0.15
0.13
0.105
0.105
0.1
0.095
0.095
0.09
0.09
0.095
0.095
0.1
0.11
0.11
0.125
0.15
0.16
0.17
0.19
0.2
0.215
0.225
0.24
0.25
0.27
0.35
0.365
0.38
0.4
0.44
0.45
0.46
0.475
0.49
0.49
0.5
0.5
0.5
0.5
0.5
0.5
0.5
0.51
0.515
0.53
0.545
0.55
0.57
0.58
0.59
0.6
0.6
0.615
0.62
0.63
0.635
0.645
0.65
0.66
0.68
0.705
0.735
0.75
0.765
0.775
0.78
0.78
0.78
0.795
0.805
0.815
0.835
0.845
0.85
0.855
0.865
0.875
0.875
0.9
0.91
0.94
0.955
1
1
1
1
1
1
1
1
1
1
1
1
1
1
1
1
1
1
1
1
1
1
1
1
1
1
1
1
1
1
1
1
1
1
1
1
1
1
1
1
1
1
1
1
1
1
1
1
1
1
1
1
1
1
1
1
1
1
1
1
1
1
0
0
0
0
0
0
0
0
0
0
0
0
0
0
0
0
0
0
0
0
0
0
0
0
0
0
0
0
0
0
0
0
0
0
0
0
0
0
0
0
0
0
0
0
0
0
0
0
0
0
0
0
0
0
0
0
0
0
0
0
0
0
0
0
0
0
0
0
0
0
0
0
0
0
0
0
0
0
0
0
0
0
0
0
0
0
0
0
0
0
0
0
0
0
0
0
0
0
0
0
0
0
0
0
0
0
0
0
0
0
0
0
0
0
0
0
0
0
0
0
0
0
0
0
0
0
0
0
0
0
0
0
0
0
0
0
0
0
0
0
0
0
0
0
0
0
0
0
0
0
0
0
0
0
0
0
0
0
0
0
0
0
0
0
0
0
0
0
0
0
0
0
0
0
0
0
0
0
0
0
0
0
0
0
0
0
0
0
0
0
0
0
0
0
0
0
0
0
0
0
0
0
0
0
0
0
0
0
0
0
0
0
0
0
0
0
0
0
0
0
0
0
0
0
0
0
0
0
0
0
0
0
0
0
0
0
0
0
0
0
0
0
0
0
0
0
0
0
0
0
0
0
0
0
0
0
0
0
0
0
0
0
0
0
0
0
0
0
0
0
0
0
0
0
0
0
0
0
0
0
0
0
0
0
0
0
0
0
0
0
0
0
0
0
0
0
0
0
0
0
0
0
0
0
0
0
0
0
0
0
0
0
0
0
0
0
0
0
0
0
0
0
0
0
0
0
0
0
0
0
0
0
0
0
0
0
0
0
0
0
0
0
0
0
0
0
0
0
0
0
0
0
0
0
0
0
0
0
0
0
0
0
0
0
0
0
0
0
0
0
0
0
0
0
0
0
0
0
0
0
0
0
0
0
0
0
0
0
0
0
0
0
0
0
0
0
0
0
0
0
0
0
0
0
0
0
0
0
0
0
0
0
0
0
0
0
0
0
0
0
0
0
0
0
0
0
0
0
0
0
0
0
0
0
0
0
0
0
0
0
0
0
0
0
0
0
0
0
0
0
0
0
0
0
0
0
0
0
0
0
0
0
0
0
0
0
0
0
0
0
0
0
0
0
0
0
0
0
0
0
0
0
0
0
0
0
0
0
0
0
0
0
0
0
0
0
0
0
0
0
0
0
0
0
0
0
0
0
0
0
0
0
0
0
0
0
0
