1
1
1
1
1
1
1
1
1
1
1
1
1
1
1
1
1
1
1
1
1
1
1
1
1
1
1
1
1
1
1
1
1
1
1
1
1
1
1
1
1
1
1
1
1
1
1
1
1
1
1
1
1
1
1
1
1
1
1
1
1
1
1
1
1
1
1
1
1
1
1
1
1
1
1
1
1
1
1
1
1
1
1
1
1
1
1
1
1
1
1
1
1
1
1
1
1
1
1
1
0.96
0.955
0.955
0.95
0.945
0.945
0.945
0.945
0.94
0.93
0.93
0.925
0.925
0.925
0.88
0.88
0.81
0.81
0.785
0.75
0.75
0.7
0.7
0.615
0.57
0.57
0.5
0.38
0.335
0.27
0.27
0.18
0.18
0.18
0.095
0.095
0.075
0.075
0.06
0.06
0.055
0.055
0.045
0.045
0.045
0.075
0.075
0.1
0.125
0.15
0.15
0.19
0.21
0.21
0.27
0.27
0.31
0.34
0.36
0.37
0.385
0.385
0.41
0.41
0.42
0.42
0.425
0.425
0.425
0.425
0.425
0.425
0.425
0.41
0.41
0.39
0.375
0.375
0.36
0.355
0.355
0.355
0.335
0.335
0.315
0.3
0.3
0.305
0.305
0.31
0.31
0.32
0.325
0.33
0.34
0.35
0.36
0.365
0.39
0.39
0.395
0.42
0.42
0.42
0.505
0.505
0.51
0.51
0.51
0.505
0.505
0.505
0.5
0.5
0.495
0.48
0.475
0.475
0.46
0.46
0.45
0.45
0.445
0.445
0.445
0.445
0.445
0.445
0.445
0.445
0.445
0.445
0.445
0.45
0.45
0.45
0.45
0.45
0.45
0.45
0.45
0.45
0.45
0.45
0.45
0.45
0.45
0.45
0.45
0.45
0.45
0.45
0.455
0.455
0.455
0.465
0.465
0.475
0.475
0.475
0.48
0.48
0.48
0.48
0.485
0.485
0.485
0.485
0.485
0.49
0.49
0.49
0.49
0.49
0.49
0.49
0.49
0.49
0.49
0.49
0.49
0.49
0.49
0.485
0.48
0.48
0.48
0.435
0.435
0.435
0.41
0.39
0.39
0.37
0.365
0.325
0.315
0.3
0.295
0.27
0.255
0.25
0.25
0.24
0.24
0.24
0.245
0.245
0.245
0.255
0.255
0.265
0.27
0.27
0.3
0.335
0.335
0.37
0.385
0.43
0.43
0.44
0.46
0.49
0.49
0.515
0.545
0.545
0.575
0.58
0.58
0.61
0.61
0.63
0.63
0.65
0.65
0.66
0.66
0.665
0.67
0.675
0.69
0.705
0.71
0.71
0.725
0.725
0.725
0.735
0.775
0.805
0.805
0.82
0.82
0.83
0.835
0.845
0.845
0.845
0.845
0.87
0.88
0.885
0.885
0.905
0.915
0.915
0.93
0.94
0.94
0.955
0.955
0.965
0.965
0.97
0.985
0.985
1
1
1
1
1
1
1
1
1
1
1
1
1
1
1
1
1
1
1
1
1
1
1
1
1
1
1
1
1
1
1
1
1
1
1
1
1
1
1
1
1
1
1
1
1
1
1
1
1
1
1
1
1
1
1
1
1
1
1
1
1
1
1
1
1
1
1
1
1
1
1
1
1
1
1
1
1
1
1
1
1
1
1
1
1
1
1
1
1
1
1
1
1
1
1
1
1
1
1
1
1
1
1
1
1
1
1
1
1
1
1
1
1
1
1
1
1
1
1
1
1
1
1
1
1
1
1
1
1
1
1
1
1
1
1
1
1
1
1
1
1
1
1
1
1
1
1
1
1
1
1
1
1
1
1
1
1
1
1
1
1
1
1
1
1
1
1
1
1
1
1
1
1
1
