1
1
1
1
1
1
1
1
1
1
1
1
1
1
1
1
1
1
1
1
1
1
1
1
1
1
1
1
1
1
1
1
1
1
1
1
1
1
1
1
1
1
1
1
1
1
1
1
1
1
1
1
1
1
1
1
1
1
1
1
1
1
1
1
1
1
1
1
1
1
1
1
1
1
1
1
1
1
1
1
1
1
0.995
0.995
0.995
0.995
0.995
0.995
0.995
0.995
0.995
0.995
0.975
0.965
0.955
0.95
0.95
0.95
0.95
0.95
0.955
0.965
0.98
0.99
0.995
0.995
1
0.99
0.975
0.96
0.95
0.925
0.85
0.75
0.695
0.66
0.645
0.585
0.55
0.495
0.485
0.425
0.4
0.395
0.39
0.365
0.32
0.285
0.275
0.27
0.27
0.26
0.26
0.26
0.26
0.26
0.3
0.305
0.325
0.35
0.425
0.51
0.55
0.595
0.635
0.66
0.7
0.71
0.74
0.755
0.775
0.79
0.8
0.82
0.83
0.86
0.86
0.915
0.93
0.93
0.93
0.93
0.93
0.915
0.905
0.89
0.875
0.86
0.845
0.82
0.835
0.805
0.78
0.755
0.66
0.615
0.525
0.45
0.395
0.35
0.345
0.33
0.275
0.25
0.2
0.2
0.195
0.195
0.165
0.15
0.135
0.125
0.12
0.115
0.145
0.17
0.215
0.23
0.26
0.27
0.35
0.41
0.435
0.46
0.485
0.525
0.585
0.7
0.75
0.78
0.815
0.835
0.875
0.9
0.92
0.95
0.99
0.995
1
1
1
1
1
1
0.975
0.905
0.785
0.745
0.7
0.655
0.6
0.49
0.45
0.435
0.415
0.385
0.27
0.21
0.175
0.14
0.115
0.1
0.095
0.09
0.085
0.085
0.075
0.075
0.085
0.13
0.15
0.225
0.245
0.29
0.33
0.365
0.415
0.435
0.445
0.455
0.49
0.51
0.605
0.65
0.685
0.71
0.74
0.76
0.785
0.8
0.79
0.795
0.8
0.805
0.815
0.82
0.845
0.85
0.86
0.865
0.87
0.885
0.9
0.915
0.935
0.945
0.95
0.95
0.96
0.975
0.985
0.985
0.995
0.995
0.995
0.995
0.995
1
1
1
1
1
1
1
1
1
1
1
1
1
1
1
1
1
1
1
1
1
1
1
1
1
1
1
1
1
1
1
1
1
1
1
1
1
1
1
1
1
1
1
1
1
1
1
1
1
1
1
1
1
1
1
1
1
1
0
0
0
0
0
0
0
0
0
0
0
0
0
0
0
0
0
0
0
0
0
0
0
0
0
0
0
0
0
0
0
0
0
0
0
0
0
0
0
0
0
0
0
0
0
0
0
0
0
0
0
0
0
0
0
0
0
0
0
0
0
0
0
0
0
0
0
0
0
0
0
0
0
0
0
0
0
0
0
0
0
0
0
0
0
0
0
0
0
0
0
0
0
0
0
0
0
0
0
0
0
0
0
0
0
0
0
0
0
0
0
0
0
0
