1
1
1
1
1
1
1
1
1
1
1
1
1
1
1
1
1
1
1
1
1
1
1
1
1
1
1
1
1
1
1
1
1
1
1
1
1
1
1
1
1
1
1
1
1
1
1
1
1
1
1
1
1
1
1
1
1
1
1
1
1
1
1
1
1
1
1
1
1
1
1
1
1
1
1
1
1
1
1
1
1
1
1
1
1
1
1
1
1
1
1
1
1
1
1
1
1
1
1
1
1
1
1
1
1
1
1
1
1
1
1
1
1
1
1
1
1
1
0.995
0.995
0.985
0.98
0.96
0.96
0.94
0.93
0.92
0.915
0.905
0.9
0.9
0.875
0.875
0.875
0.81
0.76
0.76
0.755
0.75
0.74
0.735
0.735
0.73
0.73
0.72
0.715
0.715
0.71
0.705
0.7
0.7
0.675
0.67
0.66
0.66
0.66
0.65
0.65
0.65
0.65
0.65
0.65
0.65
0.65
0.65
0.65
0.65
0.65
0.65
0.575
0.565
0.485
0.425
0.385
0.385
0.365
0.29
0.27
0.23
0.21
0.21
0.15
0.15
0.085
0.085
0.08
0.08
0.08
0.085
0.14
0.14
0.19
0.235
0.235
0.255
0.315
0.325
0.405
0.405
0.455
0.455
0.52
0.545
0.55
0.56
0.57
0.585
0.585
0.585
0.585
0.585
0.755
0.755
0.755
0.77
0.81
0.83
0.865
0.895
0.895
0.935
0.95
0.95
0.955
0.98
0.98
1
1
1
1
1
1
1
1
1
1
1
1
1
1
1
1
1
1
1
1
1
1
1
1
1
1
1
1
1
1
1
1
1
1
1
1
1
1
1
1
1
1
1
1
1
1
1
1
1
1
1
1
1
1
1
1
1
1
1
1
1
1
1
1
1
1
1
1
1
1
