-0.03
-0.03
-0.03
-0.03
-0.03
-0.03
-0.03
-0.03
-0.03
-0.03
-0.03
-0.03
-0.03
-0.03
-0.03
-0.03
-0.03
-0.03
-0.03
-0.03
-0.03
-0.03
-0.03
-0.03
-0.03
-0.03
-0.03
-0.03
-0.03
-0.03
-0.03
-0.03
-0.03
-0.03
-0.03
-0.03
-0.03
-0.03
-0.03
-0.03
-0.03
-0.03
-0.03
-0.03
-0.03
-0.03
-0.03
-0.03
-0.03
-0.03
-0.03
-0.03
-0.03
-0.03
-0.03
-0.03
-0.03
-0.03
-0.03
-0.03
-0.03
-0.03
-0.03
-0.03
-0.03
-0.03
-0.03
-0.03
-0.03
-0.03
-0.03
-0.03
-0.03
-0.03
-0.03
-0.03
-0.03
-0.03
-0.03
-0.03
-0.03
-0.03
-0.03
-0.03
-0.03
-0.03
-0.03
-0.03
-0.03
-0.03
-0.03
-0.03
-0.03
0
0
0
0
0
0
0
-0.005
-0.015
-0.025
-0.04
-0.065
-0.075
-0.09
-0.1
-0.13
-0.14
-0.15
-0.155
-0.175
-0.21
-0.21
-0.235
-0.325
-0.35
-0.365
-0.4
-0.405
-0.425
-0.44
-0.46
-0.49
-0.5
-0.5
-0.5
-0.5
-0.5
-0.5
-0.5
-0.5
-0.5
-0.5
-0.5
-0.5
-0.5
-0.5
-0.49
-0.46
-0.445
-0.435
-0.43
-0.41
-0.4
-0.325
-0.285
-0.275
-0.225
-0.145
-0.06
-0.035
0
0.005
0.005
0.12
0.12
0.17
0.215
0.255
0.3
0.315
0.335
0.365
0.385
0.4
0.4
0.405
0.41
0.41
0.41
0.415
0.415
0.415
0.405
0.385
0.38
0.37
0.35
0.34
0.33
0.3
0.28
0.11
0.07
0.05
0.045
0.045
0.045
0.005
-0.00999999
-0.025
-0.03
-0.06
-0.06
-0.065
-0.065
-0.07
-0.08
-0.08
-0.08
-0.085
-0.085
-0.085
-0.085
-0.085
-0.085
-0.085
-0.08
-0.08
-0.075
-0.06
-0.055
-0.05
-0.05
-0.045
-0.045
-0.045
-0.045
-0.045
-0.045
-0.045
-0.045
-0.045
-0.045
-0.045
-0.045
-0.045
-0.045
-0.045
-0.045
-0.045
-0.045
-0.045
-0.045
-0.045
-0.045
-0.045
-0.045
-0.045
-0.045
-0.045
-0.045
-0.045
-0.045
-0.045
-0.045
-0.045
-0.045
-0.045
-0.045
-0.045
-0.045
-0.045
-0.045
-0.045
-0.045
-0.045
-0.045
-0.045
-0.045
-0.045
-0.045
-0.045
-0.045
-0.045
-0.045
-0.045
-0.045
-0.045
-0.045
-0.045
-0.045
-0.045
-0.045
-0.045
-0.045
-0.045
-0.045
-0.045
-0.045
-0.045
-0.045
-0.045
-0.045
-0.045
-0.045
-0.045
-0.045
-0.045
-0.045
-0.045
-0.045
-0.045
-0.045
-0.045
-0.045
