0
0
0
0
0
0
0
0
0
0
0
0
0
0
0
0
0
0
0
0
0
0
0
0
0
0
0
0
0
0
0
0
0
0
0
0
0
0
0
0
0
0
0
0
0
0
0
0
0
0
0
0
0
0
0
0
0
0
0
0
0
0
0
0
0
0
0
0
0
0
0
0
0
0
0
0
0
0
0
0
0
0
0
0
0
0
0
0
0
0
0
0
0
0
0
0
0
0
0
0
0
0
0
0
0
0
0
0
0
0
0
0
0
0
0
0
0
0
0
0
0
0
0
0
0
0
0
0
0
0
-0.015
-0.03
-0.04
-0.05
-0.06
-0.09
-0.105
-0.11
-0.125
-0.135
-0.155
-0.16
-0.175
-0.19
-0.2
-0.22
-0.23
-0.235
-0.24
-0.245
-0.25
-0.26
-0.26
-0.265
-0.27
-0.27
-0.27
-0.275
-0.275
-0.275
-0.275
-0.275
-0.275
-0.27
-0.27
-0.26
-0.255
-0.25
-0.25
-0.25
-0.245
-0.24
-0.235
-0.23
-0.22
-0.22
-0.215
-0.21
-0.205
-0.2
-0.175
-0.15
-0.115
-0.1
-0.09
-0.075
-0.07
-0.065
-0.06
-0.05
-0.04
-0.04
-0.035
-0.03
-0.03
-0.00999999
-0.005
0
0.005
0.02
0.035
0.04
0.05
0.055
0.065
0.085
0.09
0.095
0.095
0.105
0.11
0.12
0.125
0.125
0.135
0.145
0.155
0.165
0.175
0.18
0.185
0.185
0.19
0.19
0.19
0.19
0.185
0.18
0.18
0.18
0.18
0.175
0.17
0.16
0.155
0.15
0.15
0.14
0.13
0.13
0.12
0.115
0.11
0.105
0.105
0.1
0.095
0.09
0.09
0.08
0.08
0.07
0.055
0.05
0.05
0.045
0.045
0.045
0.04
0.035
0.035
0.03
0.025
0.015
0.00999999
0.00999999
0.005
0
0
-0.005
-0.005
-0.00999999
-0.015
-0.02
-0.025
-0.035
-0.04
-0.05
-0.06
-0.07
-0.085
-0.1
-0.1
-0.1
-0.12
-0.135
-0.14
-0.145
-0.15
-0.16
-0.18
-0.19
-0.2
-0.21
-0.215
-0.225
-0.235
-0.24
-0.245
-0.25
-0.275
-0.285
-0.295
-0.315
-0.315
-0.34
-0.35
-0.35
-0.365
-0.38
-0.38
-0.39
-0.395
-0.395
-0.4
-0.4
-0.4
-0.4
-0.4
-0.4
-0.4
-0.4
-0.4
-0.4
-0.4
-0.4
-0.4
-0.4
-0.4
-0.4
-0.4
-0.4
-0.4
-0.4
-0.4
-0.4
-0.395
-0.395
-0.38
-0.335
-0.325
-0.305
-0.3
-0.29
-0.27
-0.25
-0.24
-0.23
-0.21
-0.2
-0.16
-0.135
-0.12
-0.095
-0.08
-0.05
-0.045
-0.015
0.00999999
0.04
0.07
0.085
0.11
0.13
0.145
0.15
0.16
0.18
0.195
0.2
0.2
0.21
0.225
0.235
0.235
0.24
0.24
0.245
0.25
0.25
0.25
0.25
0.25
0.25
0.25
0.25
0.25
0.25
0.25
0.25
0.25
0.25
0.25
0.25
0.25
0.25
0.25
0.25
0.25
0.25
0.25
0.25
0.25
0.25
0.25
0.25
0.25
0.25
0.25
0.25
0.25
0.25
0.25
0.25
0.25
0.24
0.215
0.2
0.175
0.175
0.16
0.15
0.12
0.11
0.1
0.09
0.08
0.06
0.05
0.035
0.015
0.005
0
-0.00999999
-0.025
-0.09
-0.105
-0.13
-0.14
-0.15
-0.155
-0.175
-0.19
-0.205
-0.215
-0.23
-0.24
-0.255
-0.27
-0.29
-0.295
-0.3
-0.305
-0.325
-0.33
-0.33
-0.335
-0.335
-0.34
-0.345
-0.345
-0.345
-0.345
-0.345
-0.345
-0.345
-0.345
-0.345
-0.345
-0.335
-0.335
-0.33
-0.33
-0.33
-0.325
-0.32
-0.315
-0.31
-0.31
-0.3
-0.285
-0.27
-0.255
-0.255
-0.225
-0.22
-0.21
-0.21
-0.205
-0.2
-0.175
-0.16
-0.14
-0.13
-0.11
-0.095
-0.05
-0.03
-0.015
-0.005
0
0
0
0.005
0.015
0.02
0.03
0.03
0.04
0.045
0.07
0.075
0.075
0.08
0.08
0.08
0.08
0.08
0.08
0.08
0.08
0.08
0.075
0.065
0.065
0.05
0.035
0.03
0.025
0.025
0.025
0.00999999
0
0
-0.005
-0.00999999
-0.015
-0.025
-0.03
-0.035
-0.04
-0.055
-0.075
-0.115
-0.155
-0.225
-0.3
-0.35
-0.37
-0.395
-0.42
-0.43
-0.445
-0.455
-0.475
-0.48
-0.48
-0.48
-0.48
-0.475
-0.445
-0.42
-0.4
-0.375
-0.365
-0.35
-0.33
-0.31
-0.305
-0.295
-0.245
-0.165
-0.15
-0.11
-0.095
-0.065
-0.05
-0.025
-0.00999999
0
0.005
0.015
0.035
0.045
0.05
0.055
0.065
0.075
0.075
0.075
0.07
0.065
0.06
0.06
0.06
0.055
0.05
0.04
0.025
0
0
-0.005
-0.015
-0.025
-0.03
-0.045
-0.06
-0.075
-0.09
-0.11
-0.13
-0.15
-0.15
-0.16
-0.18
-0.185
-0.185
-0.195
-0.195
-0.195
-0.19
-0.19
-0.18
-0.16
-0.15
-0.115
-0.1
-0.085
-0.075
-0.07
-0.055
-0.05
-0.035
-0.025
-0.00999999
0.00999999
0.03
0.04
0.05
0.06
0.06
0.065
0.065
0.065
0.05
0.025
-0.005
-0.04
-0.07
-0.1
-0.13
-0.15
-0.16
-0.19
-0.2
-0.22
-0.225
-0.23
-0.235
-0.24
-0.24
-0.24
-0.2
-0.195
-0.165
-0.16
-0.16
-0.15
-0.145
-0.115
-0.105
-0.1
-0.095
-0.075
-0.035
-0.02
-0.005
0
0
0
0
0
-0.005
-0.02
-0.025
-0.05
-0.06
-0.07
-0.095
-0.115
-0.155
-0.18
-0.2
-0.25
-0.305
-0.425
-0.44
-0.45
-0.47
-0.48
-0.48
-0.495
-0.495
-0.495
-0.495
-0.485
-0.475
-0.455
-0.435
-0.375
-0.335
-0.315
-0.3
-0.285
-0.25
-0.195
-0.105
-0.09
-0.065
-0.03
-0.005
0.035
0.05
0.085
0.1
0.115
0.13
0.15
0.185
0.195
0.21
0.225
0.23
0.235
0.235
0.235
0.235
0.235
0.23
0.225
0.22
0.175
0.16
0.15
0.12
0.12
0.08
0.065
0.05
0.035
0.035
0.015
0.00999999
0.005
0
-0.015
-0.03
-0.05
-0.06
-0.075
-0.08
-0.085
-0.085
-0.09
-0.09
-0.09
-0.09
-0.09
-0.09
-0.075
-0.065
-0.05
-0.035
-0.00999999
0.03
0.045
0.05
0.055
0.06
0.07
0.075
0.09
0.09
0.1
0.1
0.1
0.105
0.105
0.105
0.1
0.095
0.085
0.08
0.07
0.065
0.05
0.02
0
-0.03
-0.05
-0.075
-0.085
-0.09
-0.1
-0.11
-0.11
-0.125
-0.135
-0.14
-0.145
-0.155
-0.17
-0.185
-0.185
-0.185
-0.185
-0.18
-0.17
-0.16
-0.15
-0.135
-0.105
-0.08
-0.05
0
0.035
0.045
0.05
0.05
0.06
0.08
0.08
0.08
0.08
0.07
0.065
0.055
0.05
0.05
0.03
0.025
0.015
0.005
0
-0.005
-0.025
-0.06
-0.09
-0.12
-0.155
-0.175
-0.205
-0.255
-0.28
-0.305
-0.33
-0.335
-0.35
-0.36
-0.365
-0.375
-0.39
-0.415
-0.42
-0.42
-0.42
-0.405
-0.38
-0.355
-0.345
-0.335
-0.32
-0.3
-0.28
-0.265
-0.24
-0.21
-0.185
-0.17
-0.155
-0.135
-0.07
-0.035
0
0.04
0.05
0.065
0.075
0.09
0.1
0.1
0.1
0.1
0.105
0.105
0.105
0.105
0.1
0.09
0.07
0.065
0.055
0.055
0.055
0.055
0.05
0.04
0.035
0.025
0.015
0.005
0.005
0
0
-0.005
-0.015
-0.025
-0.035
-0.045
-0.06
-0.06
-0.065
-0.065
-0.065
-0.065
-0.065
-0.065
-0.065
-0.065
-0.065
-0.065
-0.065
-0.065
-0.065
-0.065
-0.065
-0.065
-0.065
-0.065
-0.065
-0.065
-0.065
-0.065
-0.065
-0.065
-0.065
-0.065
-0.065
-0.065
-0.065
-0.065
-0.065
-0.065
-0.065
-0.065
-0.065
-0.065
-0.065
-0.065
-0.065
-0.065
-0.065
-0.065
-0.065
-0.065
-0.065
-0.065
-0.065
-0.065
-0.065
-0.065
-0.065
-0.065
-0.065
-0.065
-0.065
-0.065
-0.065
-0.065
-0.065
-0.065
0
0
0
0
0
0
0
0
0
0
0
0
0
0
0
0
0
0
0
0
0
0
0
0
0
0
0
0
0
0
0
0
0
0
0
0
0
0
0
0
0
0
0
0
0
0
0
0
0
0
0
0
0
0
0
0
0
0
0
0
0
0
0
0
0
0
0
0
0
0
0
0
0
0
0
0
0
0
0
0
0
0
0
0
0
0
0
0
0
0
0
0
0
0
0
0
0
0
0
0
0
0
0
0
0
0
0
0
0
0
0
0
0
0
0
0
0
0
0
0
0
0
0
0
0
0
0
0
0
0
0
0
0
0
0
0
0
0
0
0
0
0
0
0
0
0
0
0
0
0
0
0
0
0
0
0
0
0
0
0
0
0
0
0
0
0
0
0
0
0
0
0
0
0
0
0
0
0
0
0
0
0
0
0
0
0
0
0
0
0
0
0
0
0
0
0
0
0
0
0
0
0
0
0
0
0
0
0
0
0
0
0
0
0
0
0
0
0
0
0
0
0
0
0
0
0
0
0
0
0
0
0
0
0
0
0
0
0
0
0
0
0
0
0
0
0
0
0
0
0
0
0
0
0
0
0
0
0
0
0
0
0
0
0
0
0
0
0
0
0
0
0
0
0
0
0
0
0
0
0
0
0
0
0
0
0
0
0
0
0
0
0
0
0
0
0
0
0
0
0
0
0
0
0
0
0
0
0
0
0
0
0
0
0
0
0
0
0
0
0
0
0
0
0
0
0
0
0
0
0
0
0
0
0
0
0
0
0
0
0
0
0
0
0
0
0
0
0
0
0
0
0
0
0
0
0
0
0
0
0
0
0
0
0
0
0
0
0
0
0
0
0
0
0
0
0
0
0
0
0
0
0
0
0
0
0
0
0
0
0
0
0
0
0
0
0
0
0
0
0
0
0
0
0
0
0
0
0
0
0
0
0
0
0
0
0
0
0
0
0
0
0
0
0
0
0
0
0
0
0
0
0
0
0
0
0
0
0
0
0
0
0
0
0
0
0
0
0
0
0
0
0
0
0
0
0
0
0
0
0
0
0
0
0
0
0
0
0
0
0
0
0
0
0
0
0
0
0
0
0
0
0
0
0
0
0
0
0
0
0
0
0
0
0
0
0
0
0
0
0
0
0
0
0
0
0
0
0
0
0
0
0
0
0
0
0
0
