0
0
0
0
0
0
0
0
0
0
0
0
0
0
0
0
0
0
0
0
0
0
0
0
0
0
0
0
0
0
0
0
0
0
0
0
0
0
0
0
0
0
0
0
0
0
0
0
0
0
0
0
0
0
0
0
0
0
0
0
0
0
0
0
0
0
0
0
0
0
0
0
0
0
0
0
0
0
0
0
0
0
0
0
0
0
0
0
0
0
0
0
0
0
0
0
0
0
0
0
0
0
0
0
0
0
0
0
0
0
0
0
0
0
0
0
0
0
0
0
0
0
0
0
0
0
0
0
0
0
0
0
0
0
0
0
0
0
0
0
0
0
0
0
0
0
0
0
0
0
0
0
0
0
0.02
0.02
0.015
-0.005
-0.00999999
-0.00999999
-0.00999999
0.05
0.05
0.1
0.1
0.1
0.1
0.1
0.1
0.03
0.03
-0.225
-0.285
-0.3
-0.305
-0.305
-0.265
-0.2
0.03
0.03
0.05
0.05
0.065
0.065
0
-0.02
-0.085
-0.09
-0.09
-0.09
-0.025
0.08
0.19
0.19
0.185
0.145
0.08
0
-0.005
-0.03
-0.03
-0.03
-0.025
-0.015
-0.00999999
-0.00999999
-0.045
-0.105
-0.215
-0.215
-0.215
-0.215
-0.2
-0.2
-0.2
-0.2
-0.2
-0.2
-0.195
-0.175
-0.17
-0.17
-0.155
-0.145
-0.14
-0.125
-0.125
-0.115
-0.115
-0.115
-0.115
-0.115
-0.115
-0.105
-0.1
-0.1
-0.1
-0.1
-0.1
-0.1
-0.1
-0.1
-0.095
-0.09
-0.09
-0.09
-0.09
-0.085
-0.085
-0.085
-0.085
-0.085
-0.085
-0.08
-0.08
-0.08
-0.075
-0.075
-0.075
-0.075
-0.075
-0.075
-0.07
-0.07
-0.07
-0.07
-0.07
-0.07
-0.07
-0.07
-0.07
-0.07
-0.07
-0.07
-0.07
-0.07
-0.07
-0.07
-0.07
-0.07
-0.07
-0.07
-0.07
-0.07
-0.07
-0.07
-0.07
-0.07
-0.07
-0.07
-0.07
-0.07
-0.07
-0.07
-0.07
-0.07
-0.07
-0.07
-0.07
-0.07
-0.07
-0.07
-0.07
-0.07
-0.07
-0.07
-0.07
-0.07
-0.07
