0
0
0
0
0
0
0
0
0
0
0
0
0
0
0
0
0
0
0
0
0
0
0
0
0
0
0
0
0
0
0
0
0
0
0
0
0
0
0
0
0
0
0
0
0
0
0
0
0
0
0
0
0
0
0
0
0
0
0
0
0
0
0
0
0
0
0
0
0
0
0
0
0
0
0
0
0
0
0
0
0
0
0
0
0
0
0
0
0
0
0
0
0
0
0
0
0
0
0
0
0
0
0
0
0
0
0
0.015
0.015
0.015
0.015
0.015
0.015
0.015
0.015
0.015
0.035
0.05
0.07
0.07
0.095
0.105
0.14
0.14
0.16
0.17
0.18
0.2
0.205
0.21
0.21
0.22
0.22
0.22
0.25
0.27
0.27
0.275
0.275
0.275
0.275
0.275
0.275
0.265
0.255
0.25
0.24
0.235
0.22
0.19
0.175
0.135
0.115
0.08
0.08
0.08
-0.015
-0.015
-0.015
-0.015
-0.015
-0.015
-0.015
-0.03
-0.03
-0.03
-0.03
-0.03
-0.03
-0.5
-0.5
-0.5
-0.5
-0.49
-0.49
-0.47
-0.42
-0.4
-0.345
-0.31
-0.31
-0.175
-0.175
-0.005
-0.005
0.025
0.025
0.05
0.15
0.225
0.225
0.27
0.3
0.3
0.305
0.305
0.305
0.305
0.305
0.295
0.27
0.26
0.24
0.23
0.2
0.175
0.175
0.175
0.175
0.175
0.175
0.02
0.02
0.02
0.015
-0.00999999
-0.015
-0.04
-0.05
-0.05
-0.07
-0.07
-0.07
-0.07
-0.07
-0.07
-0.07
-0.07
-0.07
-0.07
-0.07
-0.065
-0.065
-0.065
-0.065
-0.065
-0.065
-0.065
-0.065
-0.065
-0.065
-0.065
-0.065
-0.065
-0.065
-0.065
-0.065
-0.065
-0.065
-0.065
-0.065
-0.065
-0.065
-0.065
-0.065
-0.065
-0.065
-0.065
-0.065
-0.065
-0.065
-0.065
-0.065
-0.065
-0.065
-0.065
-0.065
-0.065
-0.065
-0.065
-0.065
-0.065
-0.065
-0.065
-0.065
-0.065
-0.065
-0.065
-0.065
-0.065
-0.065
-0.065
-0.065
-0.065
-0.065
-0.065
-0.065
-0.065
-0.065
-0.065
-0.065
-0.065
-0.065
-0.065
-0.065
-0.065
